% Testando %

a = [1,2,3,5,6,78,23,4,342,334,234]
b = [0,0,0,0,0,0,0]

b= a(1,:)





